hoang2
manh2
12/1/2022 15h
1 1 2 1 1 2 2 2 1 3 2 3 1 4 $
hoang2
manh3
31/10/2022 15h
1 1 2 1 1 2 2 2 1 3 2 3 1 4 $
hoang3
hoang1
22/12/22 14h
2 3 1 1 2 4 1 2 2 5 1 3 2 6 $
hoang1
manh1
12h
1 1 2 1 1 2 2 2 1 3 2 4 1 4 $
manhba
hoangviet
21/10/22 16h56
2 1 1 2 3 1 1 3 4 1 1 5 1 1 $
hoang2
manh
31/10/22 18h35
1 4 1 1 2 5 2 1 3 6 3 1 4 7 $
hoang2
manh1
01/11/22 11h19
7 10 1 1 8 10 1 2 9 10 1 3 10 10 $
hoang5
manh2
01/11/22 11h22
1 1 2 1 2 2 3 1 3 3 4 1 4 4 $
hoang
huy
01/11/2022
1 1 2 1 1 2 2 2 1 3 2 3 1 4 $
hoang1
manh1
02/11/22 15h23
1 1 2 1 1 2 2 2 1 3 2 3 1 4 $
hoang
manh2
22/12/22
1 1 1 2 2 3 1 3 2 4 1 4 2 5 1 5 $
hoang%1
hoang%1
15/11/2022
1 1 2 1 1 2 2 2 1 3 2 3 1 4 $
